{
  "camera_angle_x": 0.8,
  "frames": [
    {
      "file_path": "./images/image_0009.jpg",
      "transform_matrix": [
        [
          0.9950500090722425,
          0.006704116254190336,
          -0.09914905078002684,
          0.35062518827028955
        ],
        [
          -0.010812772244821696,
          -0.9844941227522643,
          -0.17508399762008833,
          0.6680668034876739
        ],
        [
          -0.09878544124369568,
          0.17528940952464808,
          -0.9795483956940507,
          3.8580838471814656
        ],
        [
          0.0,
          0.0,
          0.0,
          1.0
        ]
      ]
    },
    {
      "file_path": "./images/image_0018.jpg",
      "transform_matrix": [
        [
          0.9886646924370374,
          0.009918237168087082,
          -0.14981239768408974,
          -0.5342942025185421
        ],
        [
          -0.021035982465151558,
          -0.9788226905588254,
          -0.20362619647016883,
          -0.94957145944551
        ],
        [
          -0.1486593870904361,
          0.20446948187604802,
          -0.9675187944485815,
          -5.481694656849164
        ],
        [
          0.0,
          0.0,
          0.0,
          1.0
        ]
      ]
    },
    {
      "file_path": "./images/image_0019.jpg",
      "transform_matrix": [
        [
          0.9946176389654477,
          0.007184027431080599,
          -0.10336412341169303,
          0.420454719476943
        ],
        [
          -0.010737462228342374,
          -0.9850758199496079,
          -0.17178572657675217,
          0.7138130493815588
        ],
        [
          -0.10305561199514147,
          0.17197098214663198,
          -0.9796966480170429,
          4.3326625035430855
        ],
        [
          0.0,
          0.0,
          0.0,
          1.0
        ]
      ]
    },
    {
      "file_path": "./images/image_0078.jpg",
      "transform_matrix": [
        [
          0.9890021264998069,
          0.008662536313683213,
          -0.14764739836337826,
          -0.4485461331737557
        ],
        [
          -0.021102454668874407,
          -0.9798050749130878,
          -0.19883838055442563,
          -0.845645365481141
        ],
        [
          -0.14638811490625903,
          0.19976730372904525,
          -0.9688465018644694,
          -4.984596565119395
        ],
        [
          0.0,
          0.0,
          0.0,
          1.0
        ]
      ]
    },
    {
      "file_path": "./images/image_0079.jpg",
      "transform_matrix": [
        [
          0.9946877733870053,
          0.0069205023515264315,
          -0.10270511244141688,
          0.21176042794506308
        ],
        [
          -0.0114111439664909,
          -0.9841749676258087,
          -0.17683161168782716,
          0.4133369720574156
        ],
        [
          -0.10230356429654631,
          0.17706422491836396,
          -0.9788678363222899,
          2.2755448712440054
        ],
        [
          0.0,
          0.0,
          0.0,
          1.0
        ]
      ]
    }
  ]
}